freq_vec = 
[1.25, 1.6, 100.0, 10.0, 13.0, 16.0, 1.0, 2.5, 20.0, 25.0, 2.0, 32.0, 3.0, 40.0, 4.0, 50.0, 5.0, 6.3, 63.0, 80.0, 8.0]
amplitude_factor_l = 
[0.6826234034854604, 0.702374068644084, 0.05610956954278812, 0.3579372634987285, 0.26866083287735826, 0.19647660916392465, 0.647273557667352, 0.7424797291501742, 0.15264512730303045, 0.11829267140399782, 0.7117423136609905, 0.0901260959293993, 0.7848023817050434, 0.06615899237338108, 0.7905173847409144, 0.044896725338400285, 0.7590282516526557, 0.6311748818364169, 0.026049768482241147, 0.017103178371389995, 0.4879827264237093]
phasediff_l = 
[-40.10687754626554, -41.98509752016072, 152.4520139097022, 255.6319030383657, -114.85232848050612, -119.33613045636007, -39.078149644094864, -48.631722825286644, -125.30530032192252, 229.22824092038974, -44.777581888368445, 217.55446351786463, -53.22182715259622, 208.4141552514917, 297.92861841460507, -166.6962457862339, -71.23913013944895, -83.9110927646621, 171.66651258712463, 167.8372131209474, -95.63151954764379]
amplitude_factor_r = 
[1.000217496008667, 1.0224667693424105, 0.14262450160374648, 0.5439481391284673, 0.39119884378164393, 0.28047123242674943, 0.9530565602417771, 1.0894258166953414, 0.20496294743197854, 0.14956632734620307, 1.044891618639843, 0.10853587895896519, 1.1512376656897343, 0.08565315014067588, 1.1669485083013422, 0.06478991960980265, 1.1083119776877381, 0.9267128544601474, 0.05252185473693241, 0.04482807213226543, 0.7245426097285498]
phasediff_r = 
[-40.22745932910232, -42.80798510252933, 137.79294684175713, 253.88666919350538, -117.93014090329234, -121.63329538954531, -39.35752372223705, -49.28601025949844, -126.85033117262097, 226.5150457468216, -45.27174647943687, 219.08656716857047, -53.62205292081548, 214.34742948046522, 296.93419365531673, -171.53790001253358, -72.39259793369217, -85.77067297709058, 200.7164467428948, 206.21724432342802, -97.60000229355124]
