freq_vec = 
[1.25, 1.6, 100.0, 10.0, 13.0, 16.0, 1.0, 2.5, 20.0, 25.0, 2.0, 32.0, 3.0, 40.0, 4.0, 50.0, 5.0, 6.3, 63.0, 80.0, 8.0]
amplitude_factor_l = 
[0.5475006016771967, 0.5165134815849962, 0.03717152341133745, 0.7382423827383273, 0.8972613585449075, 1.0185885085421005, 0.5576828181517058, 0.5025603025812684, 1.2824373076975772, 2.022808948802343, 0.5125778740385979, 1.4399297725500275, 0.5102328530588588, 0.6235507156231731, 0.5292038025695626, 0.27286098532579467, 0.5419705820343361, 0.5667736770264433, 0.11653988708008198, 0.05820461139456667, 0.6181155884224635]
phasediff_l = 
[318.9501939369152, -40.127831034516475, 126.76562770311772, 323.2666911887143, -41.77997322031865, -44.91541507738083, -42.22014340093481, -38.08394358632784, -52.734144930773496, -79.89485077774327, -38.644404302287796, -147.28817453525141, -37.77880636147347, -176.0677777945052, -37.31212512338249, -195.88355449736068, -36.07086056889359, 325.5407750401845, 144.08212132098924, 148.39225242740906, -34.38777148049797]
amplitude_factor_r = 
[0.5559132730819817, 0.5356821114834809, 0.01794466568616356, 0.7398472877243129, 0.8543531788528876, 1.0116083527115864, 0.5879892662481149, 0.5185042118885613, 1.2411394920207597, 1.0353359868689782, 0.5214918284769747, 0.5151530520962244, 0.527079961784457, 0.23566961011260165, 0.5318927459838706, 0.10842432626470794, 0.5446658589557881, 0.5988214409878826, 0.04424053436325279, 0.01744626772060377, 0.6670144408767015]
phasediff_r = 
[311.49992684752544, -47.57064562446681, 163.88901249929214, 312.34571700889757, -55.05385461232635, -62.89622983203322, -48.370177968371834, -46.52399717852053, -84.79128794071875, -124.01330599774789, -47.054487210571, 202.83730063349222, -46.28743551696253, -169.2583339908246, -44.685485968592445, -174.63087461945085, -42.626403596505924, 318.3082988964444, 175.92427600615886, 180.5531122003461, -43.76533160862982]
