freq_vec = 
[1.25, 1.6, 100.0, 10.0, 13.0, 16.0, 1.0, 2.5, 20.0, 25.0, 2.0, 32.0, 3.0, 40.0, 4.0, 50.0, 5.0, 6.3, 63.0, 80.0, 8.0]
amplitude_factor_l = 
[0.799416733637432, 0.7667896860730155, 0.012930064410057712, 0.886163035116494, 1.0539028385379, 1.2553631309178375, 0.5485228643133256, 0.7271570486558785, 1.771153301552638, 1.856629836828452, 0.7439990041010173, 0.6412328551388515, 0.7292668132466229, 0.292789276593969, 0.7200959231023342, 0.13790529873693017, 0.7095685244613104, 0.7570767881147411, 0.046083133320888814, 0.020626216575329728, 0.8310095848858013]
phasediff_l = 
[-38.73605806634963, 322.27688815427564, 141.2832868116251, 316.9674472063448, -48.30048922131183, -53.82007663793567, -46.70505454015385, -36.02871569579703, 290.28791270901047, -124.77746184126329, -36.69452298585763, 194.02660778501553, -35.750205152770576, 181.66746379481447, -36.28048704476845, 168.57983107747438, -35.798979376740064, -36.53137677809737, -186.65793332798125, 159.29019034277394, -39.06967028129457]
amplitude_factor_r = 
[0.2913556996266289, 0.3096982159230326, 0.014606541602101645, 0.8503446629663008, 0.9562814545013333, 1.1574294953732818, 0.3220837174229254, 0.33733945716963754, 1.0244325827379919, 0.48118717811179557, 0.31167869598626446, 0.1910562823299711, 0.36446981176005694, 0.09697678207816754, 0.4446438318738223, 0.0615489355912634, 0.5230474529728547, 0.6720231215290386, 0.03229312280229192, 0.020666015650535798, 0.7811466935221499]
phasediff_r = 
[-50.73738070012698, 312.74455751738947, 170.38153669967616, 303.5522315882305, -66.88179082887815, -83.94810903112638, -53.391872377582885, -45.164573041818784, 243.8948273139621, -137.27304754162802, -46.73796014714254, -152.52390717466915, -44.38626992981787, 200.56535438211046, -44.08052174199274, 197.1874797322331, -44.67904944711185, -45.772155134937464, -176.5715555408445, 175.4637481769663, -51.73629979887709]
