amplitude_factor_l = [0.18312093655031383, 0.19008585620535026, 0.015550463478211691,
                              0.2791834510627954, 0.318225202275935, 0.39337844196486743,
                              0.2640693861334663, 0.15937256387989965, 0.38442913558776726,
                              0.3368011239491985, 0.26341416323742706, 0.179587380570377,
                              0.1745501197868898, 0.10820490293940287, 0.19803844662374293,
                              0.08153603742180517, 0.23386509533281746, 0.2515841646660729,
                              0.045070733483577624, 0.033746128437573436, 0.2293490151221878]

        phasediff_l = [209.32028861381468, -150.2394102526345, 16.348740203083963,
                       -123.74347056229176, 246.3235080372831, -96.87180529921147,
                       210.56561019430046, -140.12790964226284, -83.89682238439842,
                       305.4530750590407, 213.57525945841107, 223.69998825937347,
                       -34.83878142240319, -20.037439212939162, 220.4153835818249,
                       -7.246983978798568, 228.65728177360177, -133.39059860045023,
                       -0.625870996573866, 26.21769676881804, -131.20258235070216]


        amplitude_factor_r = [0.37804045847813944, 0.40049081380365026, 0.0017208776805125235,
                              0.24154040379733116, 0.17283568553961723, 0.11569976621357908,
                              0.3957775933783711, 0.38435417601557065, 0.07698536204876438,
                              0.05051462446239852, 0.41448318432568554, 0.39907402546710335,
                              0.02871012224402575, 0.01439112649707848, 0.40250562818628777,
                              0.0075704099216118296, 0.3883647221254421, 0.35261224979808753,
                              0.0049664432586177, 0.0026045342448563625, 0.3026066455918329]


        phasediff_r = [207.98768677028977, -147.77310639192558, 55.97828157699515,
                       -70.56664107667996, 305.35723712143783, -38.99482826513405,
                       204.75642028354335, -139.85832051211634, -25.61847064680822,
                       -15.2999187212653, -142.80695875247153, 226.92626461535167,
                       -2.128589352480205, 6.1298593373593775, -125.13742395703514,
                       14.665392440703343, 244.4929408859628, -102.14554577336645,
                       27.36961260908157, 38.95750966221672, -86.31093760972809]